7265011
5718081
7629056
5449134
5449127
7357130
7450858
7450857
7450856
7450855
7450854
7450853
7450852
7450851
7450850
7450849
7450848
7450847
7450845
7450844
7339707
2581253
2581249
2356598
7410719
7410718
7410716
7410715
7410714
7410713
7410712
7410711
7410710
7410709
7410708
7410707
2581282
2581241
2138584
2138580
2138560
7291585
7291584
7291583
7291582
7291581
7291580
7291579
7291578
7291577
7291576
7291575
7291574
7291573
7291572
7291571
7291570
7291556
7291546
7291507
7291569
7291568
7291567
7291566
7291565
7291564
7291563
7291562
7291561
7291560
7291559
7291558
7291557
7291555
7291554
7291553
7291552
7291551
7291550
7291549
7291548
7291547
7291545
7291544
7291543
7291542
7291541
7291540
7291539
7291538
7291537
7291536
7291535
7291534
7291533
7291532
7291531
7291530
7291529
7291528
7291527
7291526
7291525
7291524
7291523
7291522
7291521
7291520
7291519
7291518
7291517
7291516
7291515
7291514
7291513
7291512
7291511
7291510
7291509
7291508
7291506
7291505
7291504
7291503
7291502
7291501
7291500
7291499
7291498
7291497
7291496
7291495
7291494
4901666
4901631
4901620
4901618
4901617
4901616
4901615
4901614
4901613
4901612
4901611
4901610
4901609
4901608
4901607
4901606
4901605
4014911
4014898
4014893
4014879
4014873
7332520
7332519
7332518
7332517
7332516
7332515
7332514
7332513
7332512
7332511
7332510
7332509
7332508
7332507
7325908
7325907
7325906
7325905
7325904
7325903
7325902
7325901
7325900
7325899
7325898
7325896
7325895
7325894
7325893
7203032
7203030
7203029
7203027
7203026
7203024
7203023
7203021
7203020
7203019
7203017
7203015
7203014
7203013
7203012
7203011
7203010
7203009
7203008
7203007
4014993
4014948
5210256
5210136
4014989
4014986
4014980
4014977
4014896
4014891
4014978
4014997
4014966
4014961
4014894
4015004
4014991
4014979
4014967
4014955
4014954
6947876
4014984
4014970
4014969
4015003
4014999
4014996
4014992
4014899
7142333
7142332
7142331
7142330
7142329
7142328
7142327
7142326
7142325
7142324
7142323
7142322
7142321
7142320
7142319
7142318
7142317
4015000
4014990
4014960
4014953
4014888
6808253
6672151
6672150
6672149
6828737
6754743
6754742
6754741
6754740
6754739
6754738
6754737
6754736
6754735
6754734
6754733
6754732
6754731
6754730
6754729
6680411
6680410
6680409
6680408
6680407
6680406
6680405
6680404
6680403
6680402
6680401
6680400
6680399
6680398
6680397
5762249
5170358
5170357
5170355
5170352
5170334
5170332
5170331
5170328
5170320
5170314
5170305
5170295
5170294
5170293
5170292
5170290
5170282
5170238
5170233
5170232
5170207
5170206
5170205
5170204
5170200
5170169
5170168
5170167
5170166
5170165
5170155
5170154
5170153
5170151
5170149
5170148
5170139
5170117
5170116
5170115
5170114
5170100
5170099
5170097
5170096
5170094
5170093
5170092
5170091
5170078
5170074
5170072
5170068
5170067
5170056
5170054
4448232
4015002
4014915
4014903
4014859
4014850
4014848
2581394
2581393
2581251
2581250
2356628
2356627
2356626
2356625
2356608
2356607
2356596
2356595
4014988
4014956
4014909
6546425
6546424
6546423
6546422
6546420
6546419
4014945
4014939
4014959
4014958
4014910
4014906
4014902
4014900
3894397
3894378
3894361
3894331
3894325
3894322
3894300
3894278
3894086
3894080
3894076
3894072
2699329
2699324
2699281
6130135
6311525
6311524
6311523
6311522
6311521
6311520
6311519
6311518
6311517
6311516
6311515
6311514
6311512
6311511
6311510
6221522
6221521
6221520
6221519
6221518
6221517
6221516
6221515
6221514
6221513
6221512
6221511
6221510
6221508
6221507
6221506
6221505
6221504
6221503
6221502
6221501
6221500
6221499
6221498
6221497
6221496
6221495
6221494
6221493
6221491
6221490
6221489
6221488
6221487
6221486
6221485
6221484
6221483
6221482
6221481
6221480
6221479
6221478
6221477
6221476
6221475
6221474
6221473
6221472
6221471
6221470
6221469
6221468
6221467
6221466
6221465
6221464
6221463
6221462
6221461
6221460
6221459
6221458
6221457
6221456
6221455
6221454
6221453
6221452
6221451
6221450
6221449
6221448
6221447
6221446
6221445
6221444
6221443
6221442
6221441
6221440
6221439
6221437
6221436
6221435
6221434
6221433
6221432
6221431
6221429
6221428
6221427
6221426
6221425
6221424
6221423
6221422
6221421
6221420
6221419
6221418
6221417
6221415
6221411
6221401
6221400
6221399
6221397
6221394
6221393
6221390
6221387
6221386
6221384
6221382
6221381
6221375
6221374
6221372
6221371
6221370
6221368
6221366
6221361
6221359
6221357
6221356
6221355
6221353
6221350
6221349
6221347
6221344
6221343
6221339
6221335
6221333
6221332
6221331
6221328
6221325
6221323
6221322
6221321
6221317
6221315
6221308
6221302
6221301
6221298
6221297
6221296
6221291
6221290
6221288
6221287
6221286
6221285
6221284
6221283
6221282
6221281
6221280
6221279
6221278
6221275
6221272
6221271
6221270
6221268
6221265
6221263
6221262
6221261
6221260
6221259
6221258
6221256
6221255
6221254
6221253
6221252
6221251
6221250
6221248
6221247
6221246
6221245
6221244
6221242
6221241
6221240
6221238
6221237
6221236
6221232
6221231
6221230
6221229
6221228
6221227
6221226
6221225
6221224
6221223
6221222
6221221
6221220
6221219
6221218
6221217
6221216
6221214
6221213
6221212
6221211
6221210
6221209
6221208
6221207
6221206
6221205
6221204
6221203
6221202
6221201
6221200
6221199
6221198
6221197
6221196
6221195
6221194
6221193
6221192
6221190
6221188
6221186
6221185
6221183
6221182
6221181
6221178
6221177
6221176
6221175
6221174
6221173
6221172
6221171
6221169
6221168
6221167
6221166
6221163
6221161
6221159
6221157
6221156
6221153
6221152
6221151
6221149
6221147
6221146
6221145
6221141
6221140
6221138
6221136
6221135
6221130
6221128
6221127
6221126
6221119
6221118
6221117
6221116
6221115
6221114
6221113
6221112
6221111
6221110
6221109
6221106
6221105
6221104
6221100
6221096
6221095
6221094
6221093
6221091
6221090
6221087
6221086
6221085
6221084
6221082
6221079
6221076
6221075
6221074
6221073
6221072
6221070
6221069
6221067
6221065
6221064
6221062
6221060
6221059
6221057
6221055
6221053
6221051
6221050
6221048
6221047
6221046
6221042
6221041
6221039
6221038
6221036
6221035
6221034
6221033
6221031
6221030
6221029
6221028
6221027
6221026
6221025
6221024
6221022
6221020
6221019
6221016
6221012
6221011
6221010
6221009
6221008
6221007
6221005
4096282
4040114
4022954
3892125
4014897
5201953
5201916
5201712
5201601
5201526
2699243
6198937
6198938
4901703
4901702
4901701
4901700
4901699
4901698
4901697
4901696
4901695
4901694
4901693
4901692
4901691
4901690
4901689
4901688
4901687
4901686
4901685
4901684
4901683
4901682
4901681
4901680
4901679
4901678
4901677
4901676
4901675
4901674
4901673
4901672
4901671
4901670
4901669
4901668
4901667
4901665
4901664
4901663
4901662
4901661
4901660
4901659
4901658
4901657
4901656
4901655
4901654
4901653
4901652
4901651
4901650
4901649
4901648
4901647
4901646
4901645
4901644
4901643
4901642
4901641
4901640
4901639
4901638
4901637
4901636
4901635
4901634
4901633
4901632
4901630
4901629
4901628
4901627
4901626
4901625
4901624
4901623
4901622
4901621
4901619
4015005
4015001
4014998
4014995
4014994
4014987
4014985
4014983
4014982
4014981
4014976
4014975
4014974
4014973
4014972
4014971
4014968
4014965
4014964
4014963
4014962
4014957
4014952
4014951
4014950
4014949
4014947
4014946
4014944
4014943
4014942
4014941
4014940
4014938
4014937
4014936
4014935
4014934
4014933
4014932
4014931
4014930
4014929
4014928
4014927
4014926
4014925
4014924
4014923
4014922
4014921
4014920
4014919
4014918
4014917
4014916
4014914
4014913
4014912
4014908
4014907
4014905
4014904
4014901
4014895
4014892
4014890
4014889
4014887
4014886
4014885
4014884
4014883
4014882
4014881
4014880
4014878
4014877
4014876
4014875
4014874
4014872
4014871
4014870
4014869
4014868
4014867
4014866
4014865
4014864
4014863
4014862
4014861
4014860
4014858
4014857
4014856
4014855
4014854
4014853
4014852
4014851
4014849
4014847
4014846
4014845
4014844
4014843
4014842
6015669
6015668
6015667
6015666
6015665
6015664
6015663
6015662
6015658
6015657
6015656
6015655
6007781
6007780
6007779
6007778
6007776
6007775
6007774
6007773
6007772
6007771
6007770
6007769
6007768
6007767
6129827
6129826
6129825
6129824
6124923
6124922
6124921
6124920
6124917
6124915
6124914
6124913
6124912
5898669
5898668
5898667
5898666
5898665
5898664
5898663
5898662
5898661
5898660
5898659
5898658
5898657
5898656
5898655
5898654
5898653
5898652
5898651
5898650
5898649
5898648
5898647
5898646
5898645
5898644
5898643
5898642
5898641
5898640
5898639
5898638
5898637
5898636
5898635
5898634
5898633
5898632
5898631
5898630
5898629
5898628
5898627
5898626
5898625
5898624
5898623
5898622
5898621
5898620
5898619
5898618
5898617
5898616
5898615
5898614
5898613
5898612
5898611
5898610
5898609
5898608
5898607
5898606
5898605
5898604
5898603
5898602
5898601
5898600
5898599
5898598
5898597
5898596
5898595
5898594
5898593
5898592
5898591
5898590
5898589
5898588
5898587
5898586
5898585
5898584
5898583
5898582
5898581
5898580
5898579
5898578
5898577
5898576
5898575
5898574
5898573
5898572
5898571
5898570
5898569
5898568
5898567
5898566
5898565
5898564
5898563
5898562
5898561
5898560
5898559
5898558
5898557
5898556
5898555
5898554
5898553
5898552
5898551
5898550
5898549
5898548
5898547
5898546
5898545
5898544
5898543
5898542
5898541
5898540
5898539
5898538
5898537
5898536
5898535
5898534
5898533
4339719
4122823
4122822
4122821
4122820
4122819
4122818
4122817
4122816
4122815
4122814
4122813
4122812
4122811
4122809
4122808
4122807
4122805
4096292
4096291
4096290
4096289
4096288
4096287
4096286
4096285
4096284
4096283
4096280
4096279
4096278
4096277
4096276
4096273
4040902
4040901
4040899
4040116
4040115
4040113
4040112
4040111
4022953
4022946
4022945
4022944
4022943
4022942
4022941
3892129
3892128
3892127
3892126
3892123
3892122
3892121
3892120
3892119
3892117
6090722
5449122
2581391
2138571
5371022
5806176
5806175
5806174
5806172
5806171
5806170
5806169
5806168
5806167
5806166
5806165
5806164
5806162
5806161
5774085
5774084
5774083
5774082
5774081
5774080
5774079
5774078
5774077
5774076
5774075
5774074
5774073
5729964
5170360
5170359
5170356
5170354
5170353
5170351
5170350
5170349
5170348
5170347
5170346
5170345
5170344
5170343
5170342
5170341
5170340
5170339
5170338
5170337
5170336
5170335
5170333
5170330
5170329
5170327
5170326
5170325
5170324
5170323
5170322
5170321
5170319
5170318
5170317
5170316
5170315
5170313
5170312
5170311
5170310
5170309
5170308
5170307
5170306
5170304
5022878
5022869
5022863
2700075
5170272
5170271
5170270
5170269
5170268
5170267
5170266
5170265
5170264
5170263
5170262
5170261
5170260
5170259
5170258
5170257
5170256
5170255
5170254
5022879
5022877
5022876
5022875
5022874
5022873
5022872
5022871
5022870
5022868
5022867
5022866
5022865
5022864
5022862
5022861
5022860
5022859
5022858
5022857
5022856
5022855
5022854
5022853
5022852
5022851
5022845
5022844
5022843
5022842
5022841
5560408
5510459
5510458
5510457
5510456
5510455
5510454
5510453
5510450
5510447
5510446
5510445
5463124
5463123
5463122
5463121
5463120
5463119
5463118
5463117
5463116
5463115
5463114
5463113
5463112
5170253
5170252
5170251
5170250
5170249
5170248
5170247
5170246
5170245
5170244
5170243
5170242
5170241
5170240
5170239
5170237
5170236
5170235
5170234
5170231
5170230
5170229
5170228
5170227
5170226
5170225
5170224
5170223
5170222
5170221
5170220
5170219
5170218
5170217
5170216
5170215
5170214
5170213
5170212
5170211
5170210
5170209
5170208
5170203
5170202
5170201
5170199
5170198
5170197
5170196
5170195
5170194
5170193
5170192
5170191
5170190
5170189
5170188
5170187
5170186
5170185
5170184
5170183
5170182
5170181
5170180
5170179
5170178
5170177
5170176
5170175
5170174
5170173
5170172
5170171
5170170
5170164
5170163
5170162
5170161
5170160
5170159
5170158
5170157
5170156
5202020
5202019
5202018
5202017
5202016
5202015
5202014
5202013
5202012
5202011
5202010
5202009
5202008
5202007
5202006
5202005
5202004
5202003
5202002
5202001
5202000
5201999
5201998
5201997
5201996
5201995
5201994
5201993
5201992
5201991
5201990
5201989
5201988
5201987
5201986
5201985
5201984
5201983
5201982
5201981
5201980
5201979
5201978
5201977
5201976
5201975
5201974
5201973
5201972
5201971
5201970
5201969
5201968
5201967
5201966
5201965
5201964
5201963
5201962
5201961
5201960
5201959
5201958
5201957
5201956
5201955
5201954
5201952
5201951
5201950
5201949
5201948
5201947
5201946
5201945
5201944
5201943
5201942
5201941
5201940
5201939
5201938
5201937
5201936
5201935
5201934
5201933
5201932
5201931
5201930
5201929
5201928
5201927
5201926
5201925
5201924
5201923
5201922
5201921
5201920
5201919
5201918
5201917
5201915
5201914
5201913
5201912
5201911
5201910
5201909
5201908
5201907
5201906
5201905
5201904
5201903
5201902
5201901
5201900
5201899
5201898
5201897
5201896
5201895
5201894
5201893
5201892
5201891
5201890
5201889
5201888
5201887
5201886
5201885
5201884
5201883
5201882
5201881
5201880
5201879
5201878
5201877
5201876
5201875
5201874
5201873
5201872
5201871
5201870
5201869
5201868
5201867
5201866
5201865
5201864
5201863
5201862
5201861
5201860
5201859
5201858
5201857
5201856
5201855
5201854
5201853
5201852
5201851
5201850
5201849
5201848
5201847
5201846
5201845
5201844
5201843
5201842
5201841
5201840
5201839
5201838
5201837
5201836
5201835
5201834
5201833
5201832
5201831
5201830
5201829
5201828
5201827
5201826
5201825
5201824
5201823
5201822
5201821
5201820
5201819
5201818
5201817
5201816
5201815
5201814
5201813
5201812
5201811
5201810
5201809
5201808
5201807
5201806
5201805
5201804
5201803
5201802
5201801
5201800
5201799
5201798
5201797
5201796
5201795
5201794
5201793
5201792
5201791
5201790
5201789
5201788
5201787
5201786
5201785
5201784
5201783
5201782
5201781
5201780
5201779
5201778
5201777
5201776
5201775
5201774
5201773
5201772
5201771
5201770
5201769
5201768
5201767
5201766
5201765
5201764
5201763
5201762
5201761
5201760
5201759
5201758
5201757
5201756
5201755
5201754
5201753
5201751
5201750
5201749
5201748
5201747
5201746
5201745
5201744
5201743
5201742
5201741
5201740
5201739
5201738
5201737
5201736
5201735
5201734
5201733
5201732
5201731
5201730
5201729
5201728
5201727
5201726
5201725
5201724
5201723
5201722
5201721
5201720
5201719
5201718
5201717
5201716
5201715
5201714
5201713
5201711
5201710
5201709
5201708
5201707
5201706
5201705
5201704
5201703
5201702
5201701
5201700
5201699
5201698
5201697
5201696
5201695
5201694
5201693
5201692
5201691
5201690
5201689
5201688
5201687
5201686
5201685
5201684
5201683
5201682
5201681
5201680
5201679
5201678
5201677
5201676
5201675
5201674
5201673
5201672
5201671
5201670
5201669
5201668
5201667
5201666
5201665
5201664
5201663
5201662
5201661
5201660
5201659
5201658
5201657
5201656
5201655
5201654
5201653
5201652
5201651
5201650
5201649
5201648
5201647
5201646
5201645
5201644
5201643
5201642
5201641
5201640
5201639
5201638
5201637
5201636
5201635
5201634
5201633
5201632
5201631
5201630
5201629
5201628
5201627
5201626
5201625
5201624
5201623
5201622
5201621
5201620
5201619
5201618
5201617
5201616
5201615
5201614
5201613
5201612
5201611
5201610
5201609
5201608
5201607
5201606
5201605
5201604
5201603
5201602
5201600
5201599
5201598
5201597
5201596
5201595
5201594
5201593
5201592
5201591
5201590
5201589
5201588
5201587
5201586
5201585
5201584
5201583
5201582
5201581
5201580
5201579
5201578
5201577
5201576
5201575
5201574
5201573
5201572
5201571
5201570
5201569
5201568
5201567
5201566
5201565
5201564
5201563
5201562
5201561
5201560
5201559
5201558
5201557
5201556
5201555
5201554
5201553
5201552
5201551
5201550
5201549
5201548
5201547
5201546
5201545
5201544
5201543
5201542
5201541
5201540
5201539
5201538
5201537
5201536
5201535
5201534
5201533
5201532
5201531
5201530
5201529
5201528
5201527
5201525
5201524
5201523
5201522
5201521
5201520
5201519
5201518
5201517
5201516
5201515
5201514
5201513
5201512
5201511
5201510
5201509
5201508
5201507
5201506
5201505
5201504
5201503
5201502
5201501
5201500
5201499
5201498
5201497
5201496
5201495
5201494
5201493
5201492
5201491
5201490
5201489
5201488
5201487
5201486
5201485
3988482
3988481
3988480
3988479
3988478
3988477
3988476
3988475
3988474
3988473
3988472
3988471
3988470
3988469
3988468
3988467
3988466
3988465
3988464
3988463
3988462
3988461
3988460
3988459
3988458
3988457
3988456
3988455
3988454
3988453
3988452
3988451
3988450
3988449
3988448
3988447
3988446
3988445
3988444
3988443
3988442
3988441
3988440
3988439
3988438
3988437
3988436
3988435
3988434
3988433
3988432
3988431
3988430
3988429
3988428
3988427
3988426
3988425
3988424
3988423
3988422
3988421
3988420
3988419
3988418
3988417
3988416
3988415
3988414
3988413
3988412
3988411
3988410
3988409
3988408
3988407
3988406
3988405
3988404
3988403
3988402
3988401
3988400
3988399
3988398
3988397
3988396
3988395
3988394
3988393
3988392
3988391
3988390
3988389
3988388
3988387
3988386
3988385
3988384
3988383
3988382
3988381
3988380
3988379
3988378
3988377
3988376
3988375
3988374
3988373
3988372
3988371
3988370
3988369
3988368
3988367
3988366
3988365
3988364
3988363
3988362
3988361
3988360
3988359
3988358
3988357
3988356
3988355
3988354
3988353
3988352
3988351
3988350
3988349
3988348
3988347
3988346
3988345
3988344
3988343
3988342
3988341
3988340
3988339
3988338
3988337
3988336
3988335
3988334
3988333
3988332
3988331
3988330
3988329
3988328
3988327
3988326
3988325
3988324
3988323
3988322
3988321
3988320
3988319
3988318
3988317
3988316
3988315
3988314
3988313
3988312
3988311
3988310
3988309
3988308
3988307
3988306
3988305
3988304
3988303
3988302
3988301
3988300
3988299
3988298
3988297
3988296
3988295
3988294
3988293
3988292
3988291
3988290
3988289
3988288
3988287
3988286
3988285
3988284
3988283
3988282
3988281
3988280
3988279
3988278
3988277
3988276
3988275
3988274
3988273
3988272
3988271
3988270
3988269
3988268
3988267
3988266
3988265
3988264
3988263
3988262
3988261
3988260
3988259
3988258
3988257
3988256
3988255
3988254
3988253
3988252
3988251
3988250
3988249
3988248
3988247
3988246
3988245
3988244
3988243
3988242
3988241
3988240
3988239
3988238
3988237
3988236
3988235
3988234
3988233
3988232
3988231
3988230
3988229
3988228
3988227
3988226
3988225
3988224
3988223
3988222
3988221
3988220
3988219
3988218
3988217
3988216
3988215
3988214
3988213
3988212
2950159
2699366
2699365
2699364
2699363
2699362
2699361
2699360
2699359
2699358
2699357
2699356
2699355
2699354
2699353
2699352
2699351
2699350
2699349
2699348
2699347
2699346
2699345
2699344
2699343
2699342
2699341
2699340
2699339
2699338
2699337
2699336
2699335
2699334
2699333
2699332
2699331
2699330
2699328
2699327
2699326
2699325
2699323
2699322
2699321
2699320
2699319
2699318
2699317
2699316
2699315
2699314
2699313
2699312
2699311
2699310
2699309
2699308
2699307
2699306
2699305
2699304
2699303
2699302
2699301
2699300
2699299
2699298
2699297
2699296
2699295
2699294
2699293
2699292
2699291
2699290
2699289
2699288
2699287
2699286
2699285
2699284
2699283
2699282
2699280
2699279
2699278
2699277
2699276
2699275
2699274
2699273
2699272
2699271
2699270
2699269
2699268
2699267
2699266
2699265
2699264
2699263
2699262
2699261
2699260
2699259
2699258
2699257
2699256
2699255
2699254
2699253
2699252
2699251
2699250
2699249
2699248
2699247
2699246
2699245
2699244
2699242
2699241
2699240
2699239
2699238
2699237
2699236
2699235
2699234
2699233
2699232
2699231
2699230
2699229
2699228
2699227
2699226
2699225
2699224
2699223
2699222
2699221
2699220
2699219
2699218
2699217
2699216
2699215
2699214
2699213
2699212
2699211
2699210
2699209
2699208
2699207
2699206
2699205
2699204
2699203
2699202
2699201
2699200
2699199
2699198
2699197
2699196
2699195
2699194
2699193
2699192
2699191
2699190
2699189
2699188
2699187
5463125
4448219
5170152
5170150
5170147
5170146
5170145
5170144
5170143
5170142
5170141
5170140
5170138
5170137
5170136
5170135
5170134
5170133
5170132
5170131
5170130
5170129
5170128
5170127
5170126
5170125
5170124
5170123
5170122
5170121
5170120
5170119
5170118
5170113
5170112
5170111
5170110
5170109
5170108
5170107
5170106
5170105
5170104
5170103
5170102
5170101
5170098
5170095
5170090
5170089
5170088
5170087
5170086
5170085
5170084
5170083
5170082
5170081
5170080
5170079
5170077
5170076
5170075
5170073
5170071
5170070
5170069
5170066
5170065
5170064
5170063
5170062
5170061
5170060
5170059
5170058
5170057
5170055
5374486
5374485
5374484
5374483
5374482
5374481
5374480
5374479
5374478
5374475
5374474
5374473
2138581
2138567
4622917
5290453
5199845
5194547
5194546
5194545
5194544
5194543
5194542
5194541
5194540
5194539
5194538
5194537
5194536
5194535
5194532
5194531
5194390
5194389
4158499
5178549
5178548
5178547
5178546
5178545
4515392
2437318
5170303
5170302
5170301
5170300
5170299
5170298
5170297
5170296
5170291
5170289
5170288
5170287
5170286
5170285
5170284
5170283
5170281
5170280
5170279
5170278
5170277
5170276
5170275
5170274
5170273
5022850
5022849
5022847
5022846
4681059
4681058
4158507
4158506
4956487
4625809
4625808
4625807
4622928
4622927
4622926
4622925
4622924
4622923
4622922
4622921
4622920
4622919
4622918
4571745
4571743
4571742
4571741
4571739
4568523
4568522
4568521
4568520
4568519
4568518
4568517
4568516
4568515
4568514
4568513
4568512
4568511
4568510
4568509
4568508
4568507
4568506
4568505
4568504
4568503
4568502
4555521
4555520
4555519
4555518
4555517
4555516
4555515
4555514
4555513
4555512
4555511
4555510
4555509
4555508
4555507
4555506
4555505
4555504
4555503
4555502
4555501
4555500
4555499
4555498
4555497
4555496
4555495
4555494
4555493
4555492
4555491
4555490
4555489
4555488
4555487
4555486
4555485
4555484
4555483
4555482
4555481
4555480
4555479
4555310
4555309
4555308
4555307
4555306
4555305
4555304
4555303
4555302
4555301
4555300
4555299
4555298
4555297
4555296
4555295
4555294
4555293
4555292
4555291
4555290
4555289
4555234
4555233
4555232
4555231
4555230
4555229
4555228
4555227
4555226
4555225
4555224
4555223
4555222
4555221
4555220
4555219
4555218
4555217
4555216
4555215
4555214
4555213
4555212
4555211
4555210
4555209
4555208
4555207
4555206
4555205
4555204
4555203
4555202
4555201
4555200
4555199
4555198
4555197
4555196
4555195
4555194
4555193
4555192
4555191
4555190
4555189
4555188
4555187
4555186
4555185
4555184
4555183
4555182
4555181
4555180
4555179
4555178
4555177
4555176
4555175
4555174
4555173
4550124
4550123
4550122
4550121
4550120
4550119
4550118
4550117
4550116
4550115
4550114
4550113
4550112
4550111
4550110
4550109
4550108
4550107
4550106
4550105
4550095
4550094
4550093
4550092
4550091
4550090
4550089
4550088
4550087
4550086
4550085
4550084
4550083
4550082
4550081
4550080
4550079
4550078
4550077
4550076
4550075
4549885
4549884
4549883
4549882
4549881
4549880
4549879
4549878
4549877
4549876
4549875
4549874
4549873
4549872
4549871
4549870
4549869
4549868
4549867
4549866
4549865
4549844
4549843
4549842
4549841
4549840
4549839
4549838
4549837
4549835
4549834
4549833
4549832
4549831
4549830
4549829
4549828
4549827
4549826
4549825
4549824
4549563
4549562
4549561
4549560
4549559
4549558
4549557
4549556
4549555
4549554
4549553
4549552
4549551
4549550
4549549
4549548
4549547
4549546
4549545
4549516
4549515
4549514
4549513
4549512
4549511
4549510
4549509
4549508
4549507
4549506
4549505
4549504
4549503
4549502
4549501
4549500
4549499
4549498
4549497
4549318
4549317
4549316
4549315
4549314
4549313
4549312
4549311
4549310
4549308
4549307
4549306
4549305
4549304
4549303
4549302
4549301
4549300
4549275
4549274
4549273
4549272
4549271
4549270
4549269
4549268
4549266
4549265
4549264
4549263
4549262
4549261
4549260
4549259
4549258
4549257
4549256
4549255
4547107
4547106
4547105
4547104
4547103
4547102
4547101
4547100
4547099
4547098
4547097
4547096
4547095
4547094
4547093
4547092
4547091
4547090
4547089
4547088
4546731
4546730
4546729
4546728
4546727
4546726
4546725
4546724
4546723
4546722
4546721
4546720
4546719
4546718
4546717
4546716
4545410
4545409
4545408
4545407
4545406
4545405
4545404
4545403
4545402
4545401
4545400
4545399
4545398
4545397
4545396
4545395
4545394
4545393
4545392
4545391
4545390
4545389
4544432
4544431
4544430
4544429
4479997
4448249
4448248
4448247
4448246
4448245
4448244
4448243
4448242
4448241
4448240
4448239
4448238
4448237
4448236
4448235
4448234
4448233
4448231
4448230
4448229
4448228
4448227
4448226
4448225
4448224
4448223
4448222
4448221
4448220
4525209
4525208
4525207
4525206
4525205
4525204
4525203
4525202
4525201
4525200
4525199
4525198
4525197
4525196
4525195
4525194
4525193
4525192
4525191
4525190
4525189
4516582
4515809
4515808
4515807
4515806
4515805
4515804
4515803
4515802
4515801
4515800
4515799
4515798
4515797
4515796
4515795
4515794
4515793
4515792
4515791
4515790
4515789
4515409
4515408
4515407
4515406
4515405
4515404
4515403
4515402
4515401
4515400
4515399
4515398
4515397
4515396
4515395
4515394
4515393
4515391
4515390
2437332
3316841
4514124
4514123
4514122
4514121
4514120
4514119
4491454
4491453
4491452
4491451
4491450
4491449
4491448
4491447
4491446
4491445
4491444
4491443
4491442
4491441
4491440
4491439
4491438
4491437
4491436
4491435
4491434
4491433
4491042
4491041
4491040
4491039
4491038
4491037
4491036
4491035
4488293
4488292
4488291
4488290
4488289
4488288
4488287
4488286
4488285
4488284
4488283
4488282
4488281
4488280
4488279
4488278
4488277
4488276
4488275
4488274
4488273
4488272
4488271
4488270
4488269
4488268
4487149
4487148
4487147
4487146
4487145
4487144
4487143
4487142
4487141
4487138
4487137
4487136
4487135
4487134
4487133
4487132
4485918
4485917
4485916
4485915
4485914
4485913
4485912
4485911
4485910
4485909
4485908
4485907
4485906
4485905
4485904
4485903
4485902
4485901
4482455
4482454
4482453
4482452
4482451
4482450
4482449
4482448
4482447
4482446
4482445
4482444
4482443
4482442
4482441
4482440
4482439
4482438
4482437
4482436
4482435
4482434
4482433
4482432
4480668
4480666
4480665
4480664
4480663
4480662
4480661
4480660
4480659
4480658
4480657
4480656
4480655
4480654
4480653
4480650
4480080
4480079
4480078
4479998
4479996
4479995
4457331
4457330
4457329
4457328
4457327
4457326
4457325
4457324
4457323
4457322
4450976
4450975
4450974
4450973
4450972
4450971
4450970
4450969
4450968
4450967
4450966
4450965
4450961
4450960
4450959
4450958
4450957
4450956
4450955
4450954
4450953
4448648
4448596
4447722
4447721
4447720
4447719
4447718
4447717
4447716
4447715
4447714
4447713
4447712
4447711
4447710
4447709
4447708
4447707
4447706
4447705
4447704
4447703
4447702
4447701
4447700
4447699
4446560
4446559
4446558
4446557
4446556
4446555
4446551
4446550
4446549
4446548
4446547
4446546
4446545
4446544
4446543
4446542
4446541
4446540
4446538
4446535
4446520
4446477
4446476
4446475
4446474
4446473
4446472
4446471
4446470
4446469
4446468
4446467
4446466
4446465
4446464
4446463
4446462
4446461
4446460
4446459
4446458
4446457
4446456
4446454
4446453
4446452
4446451
4446450
4446449
4446448
4446447
4446446
4446445
4446444
4446443
4446442
4446441
4446440
4446439
4446438
4446437
4446436
4446435
4445876
4445875
4445874
4445873
4445872
4254731
4254730
4254729
4254728
4254727
4229826
4229825
4229824
4229823
4229822
3894384
3894294
3894293
3894286
3894064
3894410
3894409
3894408
3894407
3894406
3894405
3894404
3894403
3894402
3894401
3894400
3894399
3894398
3894396
3894395
3894394
3894393
3894392
3894391
3894390
3894389
3894388
3894387
3894386
3894385
3894383
3894382
3894381
3894380
3894379
3894377
3894376
3894375
3894374
3894373
3894372
3894371
3894370
3894369
3894368
3894367
3894366
3894365
3894364
3894363
3894362
3894360
3894359
3894358
3894357
3894356
3894355
3894354
3894353
3894352
3894351
3894350
3894349
3894348
3894347
3894346
3894345
3894344
3894343
3894342
3894341
3894340
3894339
3894338
3894337
3894336
3894335
3894334
3894333
3894332
3894330
3894329
3894328
3894327
3894326
3894324
3894323
3894321
3894320
3894319
3894318
3894317
3894316
3894315
3894314
3894313
3894312
3894311
3894310
3894309
3894308
3894307
3894306
3894305
3894304
3894303
3894302
3894301
3894299
3894298
3894297
3894296
3894295
3894292
3894291
3894290
3894289
3894288
3894287
3894285
3894284
3894283
3894282
3894281
3894280
3894279
3894277
3894276
3894275
3894274
3894273
3894272
3894271
3894270
3894269
3894268
3894267
3894266
3894265
3894264
3894263
3894262
3894261
3894260
3894259
3894258
3894257
3894256
3894255
3894254
3894253
3894252
3894251
3894250
3894249
3894248
3894247
3894246
3894245
3894244
3894243
3894242
3894241
3894240
3894239
3894238
3894237
3894236
3894235
3894234
3894233
3894232
3894231
3894230
3894229
3894228
3894227
3894226
3894225
3894224
3894223
3894222
3894221
3894220
3894219
3894218
3894217
3894216
3894215
3894214
3894213
3894212
3894211
3894210
3894209
3894208
3894207
3894206
3894205
3894204
3894203
3894202
3894201
3894200
3894199
3894198
3894197
3894196
3894195
3894194
3894193
3894192
3894191
3894190
3894189
3894188
3894187
3894186
3894185
3894184
3894183
3894182
3894181
3894180
3894179
3894178
3894177
3894176
3894175
3894174
3894173
3894172
3894171
3894170
3894169
3894168
3894167
3894166
3894165
3894164
3894163
3894162
3894161
3894160
3894159
3894158
3894157
3894156
3894155
3894154
3894153
3894152
3894151
3894150
3894149
3894148
3894147
3894146
3894145
3894144
3894143
3894142
3894141
3894140
3894139
3894138
3894137
3894136
3894135
3894134
3894133
3894132
3894131
3894130
3894129
3894128
3894127
3894126
3894125
3894124
3894123
3894122
3894121
3894120
3894119
3894118
3894117
3894116
3894115
3894114
3894113
3894112
3894111
3894110
3894109
3894108
3894107
3894106
3894105
3894104
3894103
3894102
3894101
3894100
3894099
3894098
3894097
3894096
3894095
3894094
3894093
3894092
3894091
3894090
3894089
3894088
3894087
3894085
3894084
3894083
3894082
3894081
3894079
3894078
3894077
3894075
3894074
3894073
3894071
3894070
3894069
3894068
3894067
3894066
3894065
3894063
3894062
3894061
3894060
3894059
3894058
3894057
3894056
4456595
4456594
4456593
4456592
4456591
4456590
4456589
4456586
4456584
4456583
4456582
4456581
4448597
4158505
4158504
4158503
4158502
4158501
4158500
4158498
3765106
3765105
3765104
3765103
3765102
3765101
3765100
3765099
3765098
3765097
3765096
3765095
3765094
3765093
3765092
3765091
3765090
3765089
3765088
3765087
3765086
3765085
3765084
3765083
3765082
3765081
3765080
3765079
3765078
3765077
3765076
3765075
3765074
3765073
3765072
3765071
3765070
3765069
3765068
3765067
3765066
3765065
3765064
3765063
3765062
3765061
3765060
3765059
3765058
3765057
3765056
3765055
3765054
3765053
3765052
3765051
3765049
3765048
3765047
3765046
3765045
3765044
3765043
3765042
3765041
3765040
3765039
3765038
3765037
3765036
3765035
3765034
3765033
3765032
3765031
3765030
3765029
3765028
3765027
3765026
3765025
3765024
3765023
3765022
3765021
3765020
3765019
3765018
3765017
3765016
3765015
3765014
3765013
3765012
3765011
3765010
3765009
3765008
3765007
3765006
3765005
3765004
3765003
3765002
3765001
3765000
3764999
3764998
3764997
3764996
3764995
3764994
3764993
3764992
3764991
3764990
3764989
3764988
3764987
3764986
3764985
3764984
3764983
3764982
3764981
3764980
3764978
3764977
3764976
3764975
3764974
3764973
3764972
3764971
3764970
3764969
3764968
3764967
3764966
3764965
3764964
3764963
3764962
3764961
3764960
3764959
3764958
3764957
3764956
3764955
3764954
3764953
3764952
3764951
3764950
3764949
3764948
3764947
3764946
3764945
3764944
3764943
3764942
3764941
3764940
3764939
3764938
3764937
3764936
3764935
3764934
3764933
3764932
3764931
3764930
3764929
3764928
3764927
3764926
3764925
3764924
4393399
4393398
4393397
4393396
4393395
4393394
4393393
4393392
4393391
4393390
4393389
4393388
4393387
4393386
4393385
4339729
4339728
4339727
4339726
4339725
4339724
4339723
4339722
4339721
4339720
4339718
4339716
4339715
4339714
4339713
4339712
4339711
4252827
4279651
4279650
4279649
4279648
4279647
4279646
4279645
4211933
4211932
4211931
4211921
4209217
4208820
4208819
2646214
3316892
3075590
3075589
3316900
3316839
3316899
3316840
3075588
2673308
4099646
3857068
3857067
3857066
3857065
2581402
2581401
2581400
2581399
3177690
3177689
3177688
3177687
3177686
3177682
3177681
3177680
3177676
3177675
3177674
3177670
3177669
3177668
3177667
3177664
3177663
3177662
3177661
3177660
3177659
3177649
3177646
3177645
3177644
3177641
3177640
3177639
3177637
3177635
3177633
3177632
3177631
3177617
3177616
3177685
3177684
3177683
3177679
3177678
3177677
3177673
3177672
3177671
3177666
3177665
3177658
3177657
3177656
3177655
3177654
3177653
3177652
3177651
3177650
3177648
3177647
3177643
3177642
3177638
3177636
3177634
3177630
3177629
3177628
3177627
3177626
3177625
3177624
3177623
3177622
3177621
3177620
3177619
3177618
3177615
2142014
2141983
2141981
2141972
2053837
2142051
2142050
2142049
2142048
2142047
2142044
2142043
2142042
2142041
2142029
2142028
2142027
2142026
2142023
2142022
2142021
2142020
2142019
2142018
2142017
2142016
2142015
2142001
2142000
2141996
2141995
2141994
2141993
2141992
2141991
2141990
2141989
2141988
2141987
2141986
2141985
2141984
2141982
2141980
2141979
2141978
2141977
2141976
2141975
2141974
2141973
2141971
2141970
2141969
2141968
2141967
2141966
2141705
2581398
2581397
2581396
2581395
2581392
2581390
2581389
2581388
2581387
2581386
2581385
2581384
2581383
2581300
2581299
2581298
2581297
2581296
2581295
2581294
2581293
2581292
2581291
2581290
2581289
2581288
2581287
2581286
2581285
2581284
2581283
2581281
2581280
2581279
2581278
2581277
2581276
2581275
2581274
2581273
2581272
2581271
2581270
2581269
2581268
2581267
2581266
2581265
2581264
2581263
2581262
2581261
2581260
2581259
2581258
2581257
2581252
2581248
2581247
2581246
2581245
2581244
2581243
2581242
2581240
2356630
2356629
2356624
2356623
2356622
2356621
2356620
2356619
2356618
2356617
2356616
2356615
2356614
2356613
2356612
2356611
2356610
2356609
2356606
2356605
2356604
2356603
2356602
2356601
2356600
2356599
2356597
2356594
2356593
2356592
2356591
2356590
2356588
2356587
2356586
2356585
2356584
2356583
2356582
2356581
2356580
2356579
2138672
2138671
2138670
2138669
2138668
2138667
2138666
2138665
2138663
2138662
2138661
2138660
2138659
2138658
2138657
2138656
2138655
2138654
2138653
2138652
2138651
2138649
2138648
2138647
2138646
2138645
2138644
2138643
2138642
2138641
2138640
2138639
2138638
2138637
2138635
2138634
2138633
2138630
2138629
2138628
2138627
2138625
2138624
2138623
2138621
2138620
2138603
2138602
2138601
2138600
2138599
2138598
2138592
2138591
2138590
2138589
2138588
2138587
2138586
2138585
2138583
2138582
2138579
2138578
2138577
2138576
2138575
2138574
2138573
2138572
2138570
2138569
2138568
2138566
2138565
2138564
2138563
2138562
2138561
2138559
2138558
2138557
2138556
2138555
2138554
2138553
2138552
2138551
2138550
2138549
2138548
2138547
2138546
2138545
2138544
2138543
2138542
2138541
1163409
